0.000624449	0.00297486	0.0112716	0.0401973	0.0819155	0.120131	0.4874	1.38123	5.13168	10.2462	18.8673	65.4823	3192.23	
0.00297486	0.00235041	0.0129975	0.0419232	0.0836414	0.121857	0.489126	1.38296	5.1334	10.2479	18.869	65.484	3192.23	
0.0112716	0.0129975	0.0106471	0.0502198	0.0919378	0.130153	0.49742	1.39125	5.14168	10.2562	18.8772	65.492	3192.23	
0.0401973	0.0419232	0.0502198	0.0395728	0.120863	0.159078	0.52634	1.42016	5.17055	10.285	18.9059	65.5202	3192.23	
0.0819155	0.0836414	0.0919378	0.120863	0.0812911	0.200794	0.56805	1.46185	5.21218	10.3265	18.9473	65.5608	3192.23	
0.120131	0.121857	0.130153	0.159078	0.200794	0.119507	0.606258	1.50005	5.25031	10.3646	18.9852	65.598	3192.23	
0.4874	0.489126	0.49742	0.52634	0.56805	0.606258	0.486776	1.8671	5.6168	10.7303	19.3496	65.9551	3192.23	
1.38123	1.38296	1.39125	1.42016	1.46185	1.50005	1.8671	1.38061	6.50874	11.6204	20.2365	66.8245	3192.23	
5.13168	5.1334	5.14168	5.17055	5.21218	5.25031	5.6168	6.50874	5.13106	15.3552	23.958	70.4737	3192.23	
10.2462	10.2479	10.2562	10.285	10.3265	10.3646	10.7303	11.6204	15.3552	10.2456	29.0331	75.4505	3192.23	
18.8673	18.869	18.8772	18.9059	18.9473	18.9852	19.3496	20.2365	23.958	29.0331	18.8667	83.8359	3192.23	
65.4823	65.484	65.492	65.5202	65.5608	65.598	65.9551	66.8245	70.4737	75.4505	83.8359	65.4817	3192.23	
3192.23	3192.23	3192.23	3192.23	3192.23	3192.23	3192.23	3192.23	3192.23	3192.23	3192.23	3192.23	3192.23	
